Map from character to field name
A:	Dusseldorf
B:	Gujarat, Ahmedabad
C:	Lazio
D:	Northern Territory
E:	Victoria
F:	Washington
G:	no_data
H:	?


Substitution rate (mu): 40.417346

Equilibrium frequencies (pi_i):
  A: 0.1354
  B: 0.1355
  C: 0.1378
  D: 0.1352
  E: 0.1378
  F: 0.1327
  G: 0.1855

Symmetrized rates from j->i (W_ij):
	A	B	C	D	E	F	G
  A	0	1.0243	1.0203	1.0179	1.0203	1.0234	1.5991
  B	1.0243	0	1.1362	1.0196	1.1362	1.025	1.2922
  C	1.0203	1.1362	0	1.0183	1.4194	1.0238	1.1582
  D	1.0179	1.0196	1.0183	0	1.0183	1.0225	1.6043
  E	1.0203	1.1362	1.4194	1.0183	0	1.0238	1.1582
  F	1.0234	1.025	1.0238	1.0225	1.0238	0	1.3689
  G	1.5991	1.2922	1.1582	1.6043	1.1582	1.3689	0

Actual rates from j->i (Q_ij):
	A	B	C	D	E	F	G
  A	0	0.1387	0.1382	0.1379	0.1382	0.1386	0.2166
  B	0.1388	0	0.1539	0.1381	0.1539	0.1389	0.175
  C	0.1406	0.1566	0	0.1404	0.1956	0.1411	0.1596
  D	0.1376	0.1378	0.1376	0	0.1376	0.1382	0.2169
  E	0.1406	0.1566	0.1956	0.1404	0	0.1411	0.1596
  F	0.1359	0.1361	0.1359	0.1357	0.1359	0	0.1817
  G	0.2967	0.2397	0.2149	0.2976	0.2149	0.254	0
